[2025-01-18 05:16:38] [DEBUG] 
copied array before sort: 

[2025-01-18 05:16:38] [DEBUG] 
    0     1     2     3     4     5     6     7     8     9    10 
    0 -6483  5428  2106  4473 -9704 -6479  6408 -6809  4768 -3012 

    1 -5907  9771 -3789 -1950  2900  1022  8773 -8565  5887  5681 

    2 -5612  3111  7471  1020  9065   477  6501 -3603  -520 -1321 

    3 -4798  4028 -2765 -5131  1415 -8065  9175 -2474 -3140  8569 

    4 -3749  8902 -3369 -7767  -714 -4519 -2668  9003 -1542  1120 

    5  1313  5092 -6043  3130 -5189   723 -5185 -5135  3187 -9954 

    6  4421 -2166  9668  3667  4701   584  6112 -8796  9395  3142 

    7  4647  9622  9247 -6854   917  8725 -3496 -4910  3310 -8674 

    8  5787  -231  5983   385  8850 -4901 -4004  9257 -9933 -4910 

    9  7517  7294 -1551 -2551 -4657 -4931  8471 -2163 -3496  8079 



[2025-01-18 05:16:38] [DEBUG] 
copied array after sort: 

[2025-01-18 05:16:38] [DEBUG] 
    0     1     2     3     4     5     6     7     8     9    10 
    0 -6483  5428  2106  4473 -9704 -6479  6408 -6809  4768 -3012 

    1 -5907  9771 -3789 -1950  2900  1022  8773 -8565  5887  5681 

    2 -5612  3111  7471  1020  9065   477  6501 -3603  -520 -1321 

    3 -4798  4028 -2765 -5131  1415 -8065  9175 -2474 -3140  8569 

    4 -3749  8902 -3369 -7767  -714 -4519 -2668  9003 -1542  1120 

    5  1313  5092 -6043  3130 -5189   723 -5185 -5135  3187 -9954 

    6  4421 -2166  9668  3667  4701   584  6112 -8796  9395  3142 

    7  4647  9622  9247 -6854   917  8725 -3496 -4910  3310 -8674 

    8  5787  -231  5983   385  8850 -4901 -4004  9257 -9933 -4910 

    9  7517  7294 -1551 -2551 -4657 -4931  8471 -2163 -3496  8079 



[2025-02-21 17:08:58] [DEBUG] 
array before sort: 

[2025-02-21 17:08:58] [DEBUG] 
    0     1     2     3     4     5     6     7     8     9    10 
    0  7213   865 -5644  3536  8278  3910  5874  4515  9920 -2256 

    1 -3620 -2700   454  4014 -7272  8751  6401 -8375 -3517   229 

    2 -5496 -3265  7985 -2018 -3674  6168  9609  7481 -8258   763 

    3  4541  8955 -8373 -7383  2491  9905 -9752 -1636  8141 -9833 

    4  6108 -1759  1188   282 -7745  3916  2753 -7624  5541 -7043 

    5  2605 -9956  3413  4310  1748  9739   477  1356  7219  2220 

    6 -4161  5480  1174 -2533  8098 -2615  1092  8346  9470  2953 

    7 -7767  9298 -5085  3421  3300   891  1057  -226  3267 -3403 

    8  2731  -408   362 -3857 -6099 -7891  -398  4379  3465 -3180 

    9   319  9305 -3979 -4787   492 -5882  2599 -4696 -3816  5789 



[2025-02-21 17:08:58] [DEBUG] 
array after sort: 

[2025-02-21 17:08:58] [DEBUG] 
    0     1     2     3     4     5     6     7     8     9    10 
    0 -7767  9298 -5085  3421  3300   891  1057  -226  3267 -3403 

    1 -5496 -3265  7985 -2018 -3674  6168  9609  7481 -8258   763 

    2 -4161  5480  1174 -2533  8098 -2615  1092  8346  9470  2953 

    3 -3620 -2700   454  4014 -7272  8751  6401 -8375 -3517   229 

    4   319  9305 -3979 -4787   492 -5882  2599 -4696 -3816  5789 

    5  2605 -9956  3413  4310  1748  9739   477  1356  7219  2220 

    6  2731  -408   362 -3857 -6099 -7891  -398  4379  3465 -3180 

    7  4541  8955 -8373 -7383  2491  9905 -9752 -1636  8141 -9833 

    8  6108 -1759  1188   282 -7745  3916  2753 -7624  5541 -7043 

    9  7213   865 -5644  3536  8278  3910  5874  4515  9920 -2256 



[2025-02-21 17:08:58] [DEBUG] 
copied array before sort: 

[2025-02-21 17:08:58] [DEBUG] 
    0     1     2     3     4     5     6     7     8     9    10 
    0 -7767  9298 -5085  3421  3300   891  1057  -226  3267 -3403 

    1 -5496 -3265  7985 -2018 -3674  6168  9609  7481 -8258   763 

    2 -4161  5480  1174 -2533  8098 -2615  1092  8346  9470  2953 

    3 -3620 -2700   454  4014 -7272  8751  6401 -8375 -3517   229 

    4   319  9305 -3979 -4787   492 -5882  2599 -4696 -3816  5789 

    5  2605 -9956  3413  4310  1748  9739   477  1356  7219  2220 

    6  2731  -408   362 -3857 -6099 -7891  -398  4379  3465 -3180 

    7  4541  8955 -8373 -7383  2491  9905 -9752 -1636  8141 -9833 

    8  6108 -1759  1188   282 -7745  3916  2753 -7624  5541 -7043 

    9  7213   865 -5644  3536  8278  3910  5874  4515  9920 -2256 



[2025-02-21 17:08:58] [DEBUG] 
copied array after sort: 

[2025-02-21 17:08:58] [DEBUG] 
    0     1     2     3     4     5     6     7     8     9    10 
    0 -7767  9298 -5085  3421  3300   891  1057  -226  3267 -3403 

    1 -5496 -3265  7985 -2018 -3674  6168  9609  7481 -8258   763 

    2 -4161  5480  1174 -2533  8098 -2615  1092  8346  9470  2953 

    3 -3620 -2700   454  4014 -7272  8751  6401 -8375 -3517   229 

    4   319  9305 -3979 -4787   492 -5882  2599 -4696 -3816  5789 

    5  2605 -9956  3413  4310  1748  9739   477  1356  7219  2220 

    6  2731  -408   362 -3857 -6099 -7891  -398  4379  3465 -3180 

    7  4541  8955 -8373 -7383  2491  9905 -9752 -1636  8141 -9833 

    8  6108 -1759  1188   282 -7745  3916  2753 -7624  5541 -7043 

    9  7213   865 -5644  3536  8278  3910  5874  4515  9920 -2256 



[2025-02-21 17:09:08] [DEBUG] 
array before sort: 

[2025-02-21 17:09:08] [DEBUG] 
    0     1     2     3     4     5     6     7     8     9    10 
    0   -21 -7633 -8768 -7764  5283 -4620  1704 -7089 -5701  5465 

    1   941 -9575 -2621 -7507  2174 -6297  8376  7296   923  -508 

    2  5230 -7645 -7584  2910   442  6231 -3223  9264 -5393  1741 

    3 -7015  8308  7829 -5782 -5736  3111  -402  5968  9744  7618 

    4  5154   684 -8237 -7468  6899  7658   -43  8995  4954 -9121 

    5 -1514   183 -3045   902 -3187 -8883   853  3590 -9619  9182 

    6  -949 -6634 -8791 -3121  1305 -4527  9991 -5376 -4839 -6546 

    7 -4038 -9686  4138  1447 -3432  1036  -896  6525    31 -5943 

    8 -8876 -7763  4240 -1920  6861 -5227  -803  1434 -7917  3299 

    9  4336  1134  6666  5545  8014  1691 -5262 -8276  6315  3621 



[2025-02-21 17:09:08] [DEBUG] 
array after sort: 

[2025-02-21 17:09:08] [DEBUG] 
    0     1     2     3     4     5     6     7     8     9    10 
    0 -8876 -7763  4240 -1920  6861 -5227  -803  1434 -7917  3299 

    1 -7015  8308  7829 -5782 -5736  3111  -402  5968  9744  7618 

    2 -4038 -9686  4138  1447 -3432  1036  -896  6525    31 -5943 

    3 -1514   183 -3045   902 -3187 -8883   853  3590 -9619  9182 

    4  -949 -6634 -8791 -3121  1305 -4527  9991 -5376 -4839 -6546 

    5   -21 -7633 -8768 -7764  5283 -4620  1704 -7089 -5701  5465 

    6   941 -9575 -2621 -7507  2174 -6297  8376  7296   923  -508 

    7  4336  1134  6666  5545  8014  1691 -5262 -8276  6315  3621 

    8  5154   684 -8237 -7468  6899  7658   -43  8995  4954 -9121 

    9  5230 -7645 -7584  2910   442  6231 -3223  9264 -5393  1741 



[2025-02-21 17:09:08] [DEBUG] 
copied array before sort: 

[2025-02-21 17:09:08] [DEBUG] 
    0     1     2     3     4     5     6     7     8     9    10 
    0 -8876 -7763  4240 -1920  6861 -5227  -803  1434 -7917  3299 

    1 -7015  8308  7829 -5782 -5736  3111  -402  5968  9744  7618 

    2 -4038 -9686  4138  1447 -3432  1036  -896  6525    31 -5943 

    3 -1514   183 -3045   902 -3187 -8883   853  3590 -9619  9182 

    4  -949 -6634 -8791 -3121  1305 -4527  9991 -5376 -4839 -6546 

    5   -21 -7633 -8768 -7764  5283 -4620  1704 -7089 -5701  5465 

    6   941 -9575 -2621 -7507  2174 -6297  8376  7296   923  -508 

    7  4336  1134  6666  5545  8014  1691 -5262 -8276  6315  3621 

    8  5154   684 -8237 -7468  6899  7658   -43  8995  4954 -9121 

    9  5230 -7645 -7584  2910   442  6231 -3223  9264 -5393  1741 



[2025-02-21 17:09:08] [DEBUG] 
copied array after sort: 

[2025-02-21 17:09:08] [DEBUG] 
    0     1     2     3     4     5     6     7     8     9    10 
    0 -8876 -7763  4240 -1920  6861 -5227  -803  1434 -7917  3299 

    1 -7015  8308  7829 -5782 -5736  3111  -402  5968  9744  7618 

    2 -4038 -9686  4138  1447 -3432  1036  -896  6525    31 -5943 

    3 -1514   183 -3045   902 -3187 -8883   853  3590 -9619  9182 

    4  -949 -6634 -8791 -3121  1305 -4527  9991 -5376 -4839 -6546 

    5   -21 -7633 -8768 -7764  5283 -4620  1704 -7089 -5701  5465 

    6   941 -9575 -2621 -7507  2174 -6297  8376  7296   923  -508 

    7  4336  1134  6666  5545  8014  1691 -5262 -8276  6315  3621 

    8  5154   684 -8237 -7468  6899  7658   -43  8995  4954 -9121 

    9  5230 -7645 -7584  2910   442  6231 -3223  9264 -5393  1741 



