[2024-06-16 21:55:32] [DEBUG] 
array after sort: 

[2024-06-16 21:55:32] [DEBUG] 
    0     1     2     3     4     5     6     7     8     9    10 
    0 -7133 -7017  5127 -9963 -2565 -6276   404 -7114 -3668   398 

    1 -4865  1518  5044  -849 -1700 -1914  1858 -5350 -2821  3861 

    2 -3993  -782 -7880   379  1261  1911 -6464  1200  1701 -2709 

    3 -2497 -7087  7170 -5548 -1402   367  1730 -7392  6274  4658 

    4 -2237  5501 -5984  3062  -679  8986  6351  9094 -7997 -7148 

    5 -1744 -9026  -901  8608 -4936  4176    -1 -3123  9605 -8375 

    6  -776 -2537 -5628 -7957 -3930  -563  6219  9790 -9966  9544 

    7   743 -9444  8810  -492  -292 -2891  7594 -4714  1760 -1507 

    8  5735  9589  3229 -8036  -523 -2722   290 -4094  9208 -6602 

    9  7544  2339 -6664 -6615 -3561  4597  5296   -25  -483   717 



[2024-06-16 21:55:32] [DEBUG] 
copied array before sort: 

[2024-06-16 21:55:32] [DEBUG] 
    0     1     2     3     4     5     6     7     8     9    10 
    0 -7133 -7017  5127 -9963 -2565 -6276   404 -7114 -3668   398 

    1 -4865  1518  5044  -849 -1700 -1914  1858 -5350 -2821  3861 

    2 -3993  -782 -7880   379  1261  1911 -6464  1200  1701 -2709 

    3 -2497 -7087  7170 -5548 -1402   367  1730 -7392  6274  4658 

    4 -2237  5501 -5984  3062  -679  8986  6351  9094 -7997 -7148 

    5 -1744 -9026  -901  8608 -4936  4176    -1 -3123  9605 -8375 

    6  -776 -2537 -5628 -7957 -3930  -563  6219  9790 -9966  9544 

    7   743 -9444  8810  -492  -292 -2891  7594 -4714  1760 -1507 

    8  5735  9589  3229 -8036  -523 -2722   290 -4094  9208 -6602 

    9  7544  2339 -6664 -6615 -3561  4597  5296   -25  -483   717 



[2024-06-16 21:55:32] [DEBUG] 
copied array after sort: 

[2024-06-16 21:55:32] [DEBUG] 
    0     1     2     3     4     5     6     7     8     9    10 
    0 -7133 -7017  5127 -9963 -2565 -6276   404 -7114 -3668   398 

    1 -4865  1518  5044  -849 -1700 -1914  1858 -5350 -2821  3861 

    2 -3993  -782 -7880   379  1261  1911 -6464  1200  1701 -2709 

    3 -2497 -7087  7170 -5548 -1402   367  1730 -7392  6274  4658 

    4 -2237  5501 -5984  3062  -679  8986  6351  9094 -7997 -7148 

    5 -1744 -9026  -901  8608 -4936  4176    -1 -3123  9605 -8375 

    6  -776 -2537 -5628 -7957 -3930  -563  6219  9790 -9966  9544 

    7   743 -9444  8810  -492  -292 -2891  7594 -4714  1760 -1507 

    8  5735  9589  3229 -8036  -523 -2722   290 -4094  9208 -6602 

    9  7544  2339 -6664 -6615 -3561  4597  5296   -25  -483   717 



[2024-07-06 22:59:43] [DEBUG] 
array before sort: 

[2024-07-06 22:59:43] [DEBUG] 
    0     1     2     3     4     5     6     7     8     9    10 
    0   300  3595 -2327 -8855  1232  1791  2266  7751  4911  5682 

    1  2469  7588 -7190  9289 -9291  1318  3746 -8674  7197   667 

    2 -7263  2002 -9515 -9110  1086 -9532 -9028  8705  -725  3140 

    3 -9664  9575   456  1731 -9281 -8313 -6479  2985 -6842  8432 

    4  2388  5627  9741  5198  4916 -5830   236  2382 -4503  1153 

    5 -6951  1955 -6846 -2745  6566  7962 -2276  7538 -9614  6999 

    6   678 -9277 -9707 -8867  2454 -8988 -3459  9696  7719  3420 

    7 -8152  3827  -953 -4691  -976 -2317  -521 -7019 -9936  8697 

    8  7855 -3166  4372 -5270  4090   937 -7309 -8187 -1525 -6923 

    9 -7468 -7127 -6200 -7175 -5994  9975 -6163  4268 -6609 -4724 



[2024-07-06 22:59:43] [DEBUG] 
array after sort: 

[2024-07-06 22:59:43] [DEBUG] 
    0     1     2     3     4     5     6     7     8     9    10 
    0 -9664  9575   456  1731 -9281 -8313 -6479  2985 -6842  8432 

    1 -8152  3827  -953 -4691  -976 -2317  -521 -7019 -9936  8697 

    2 -7468 -7127 -6200 -7175 -5994  9975 -6163  4268 -6609 -4724 

    3 -7263  2002 -9515 -9110  1086 -9532 -9028  8705  -725  3140 

    4 -6951  1955 -6846 -2745  6566  7962 -2276  7538 -9614  6999 

    5   300  3595 -2327 -8855  1232  1791  2266  7751  4911  5682 

    6   678 -9277 -9707 -8867  2454 -8988 -3459  9696  7719  3420 

    7  2388  5627  9741  5198  4916 -5830   236  2382 -4503  1153 

    8  2469  7588 -7190  9289 -9291  1318  3746 -8674  7197   667 

    9  7855 -3166  4372 -5270  4090   937 -7309 -8187 -1525 -6923 



[2024-07-06 22:59:44] [DEBUG] 
copied array before sort: 

[2024-07-06 22:59:44] [DEBUG] 
    0     1     2     3     4     5     6     7     8     9    10 
    0 -9664  9575   456  1731 -9281 -8313 -6479  2985 -6842  8432 

    1 -8152  3827  -953 -4691  -976 -2317  -521 -7019 -9936  8697 

    2 -7468 -7127 -6200 -7175 -5994  9975 -6163  4268 -6609 -4724 

    3 -7263  2002 -9515 -9110  1086 -9532 -9028  8705  -725  3140 

    4 -6951  1955 -6846 -2745  6566  7962 -2276  7538 -9614  6999 

    5   300  3595 -2327 -8855  1232  1791  2266  7751  4911  5682 

    6   678 -9277 -9707 -8867  2454 -8988 -3459  9696  7719  3420 

    7  2388  5627  9741  5198  4916 -5830   236  2382 -4503  1153 

    8  2469  7588 -7190  9289 -9291  1318  3746 -8674  7197   667 

    9  7855 -3166  4372 -5270  4090   937 -7309 -8187 -1525 -6923 



[2024-07-06 22:59:44] [DEBUG] 
copied array after sort: 

[2024-07-06 22:59:44] [DEBUG] 
    0     1     2     3     4     5     6     7     8     9    10 
    0 -9664  9575   456  1731 -9281 -8313 -6479  2985 -6842  8432 

    1 -8152  3827  -953 -4691  -976 -2317  -521 -7019 -9936  8697 

    2 -7468 -7127 -6200 -7175 -5994  9975 -6163  4268 -6609 -4724 

    3 -7263  2002 -9515 -9110  1086 -9532 -9028  8705  -725  3140 

    4 -6951  1955 -6846 -2745  6566  7962 -2276  7538 -9614  6999 

    5   300  3595 -2327 -8855  1232  1791  2266  7751  4911  5682 

    6   678 -9277 -9707 -8867  2454 -8988 -3459  9696  7719  3420 

    7  2388  5627  9741  5198  4916 -5830   236  2382 -4503  1153 

    8  2469  7588 -7190  9289 -9291  1318  3746 -8674  7197   667 

    9  7855 -3166  4372 -5270  4090   937 -7309 -8187 -1525 -6923 



[2025-01-18 04:39:45] [DEBUG] 
array before sort: 

[2025-01-18 04:39:45] [DEBUG] 
    0     1     2     3     4     5     6     7     8     9    10 
    0   441  9064  2557 -8977 -6384  4182 -4120 -9651  2831 -2467 

    1 -4100  5092  9387 -8437  5188  6697  -780  1361  2464  1708 

    2 -2756  6802 -6513 -8682  2302  7890 -5481  9184  2709 -7533 

    3  9857 -6850 -4749  2413 -2106 -1132 -3406  3774  2938 -6854 

    4 -8694  8838  8238 -9307 -5879  3425 -8890  3341 -1494  3574 

    5 -4951  9471  4097  2257 -9211 -3602   146  -971  -697 -3425 

    6  1496  -841  3446  6747 -8429 -8661  -665  1886  8835 -7727 

    7  5032 -6139 -5169  6990 -1725 -1047   414  -615 -7707 -7360 

    8 -7041  1063 -7889 -9224 -6681 -7100 -2826  7186  1929  6477 

    9 -6239 -2855  -644 -9073 -2388  4648 -7733  6948   255 -5178 



[2025-01-18 04:39:45] [DEBUG] 
array after sort: 

[2025-01-18 04:39:45] [DEBUG] 
    0     1     2     3     4     5     6     7     8     9    10 
    0 -8694  8838  8238 -9307 -5879  3425 -8890  3341 -1494  3574 

    1 -7041  1063 -7889 -9224 -6681 -7100 -2826  7186  1929  6477 

    2 -6239 -2855  -644 -9073 -2388  4648 -7733  6948   255 -5178 

    3 -4951  9471  4097  2257 -9211 -3602   146  -971  -697 -3425 

    4 -4100  5092  9387 -8437  5188  6697  -780  1361  2464  1708 

    5 -2756  6802 -6513 -8682  2302  7890 -5481  9184  2709 -7533 

    6   441  9064  2557 -8977 -6384  4182 -4120 -9651  2831 -2467 

    7  1496  -841  3446  6747 -8429 -8661  -665  1886  8835 -7727 

    8  5032 -6139 -5169  6990 -1725 -1047   414  -615 -7707 -7360 

    9  9857 -6850 -4749  2413 -2106 -1132 -3406  3774  2938 -6854 



[2025-01-18 04:39:45] [DEBUG] 
copied array before sort: 

[2025-01-18 04:39:45] [DEBUG] 
    0     1     2     3     4     5     6     7     8     9    10 
    0 -8694  8838  8238 -9307 -5879  3425 -8890  3341 -1494  3574 

    1 -7041  1063 -7889 -9224 -6681 -7100 -2826  7186  1929  6477 

    2 -6239 -2855  -644 -9073 -2388  4648 -7733  6948   255 -5178 

    3 -4951  9471  4097  2257 -9211 -3602   146  -971  -697 -3425 

    4 -4100  5092  9387 -8437  5188  6697  -780  1361  2464  1708 

    5 -2756  6802 -6513 -8682  2302  7890 -5481  9184  2709 -7533 

    6   441  9064  2557 -8977 -6384  4182 -4120 -9651  2831 -2467 

    7  1496  -841  3446  6747 -8429 -8661  -665  1886  8835 -7727 

    8  5032 -6139 -5169  6990 -1725 -1047   414  -615 -7707 -7360 

    9  9857 -6850 -4749  2413 -2106 -1132 -3406  3774  2938 -6854 



[2025-01-18 04:39:45] [DEBUG] 
copied array after sort: 

[2025-01-18 04:39:45] [DEBUG] 
    0     1     2     3     4     5     6     7     8     9    10 
    0 -8694  8838  8238 -9307 -5879  3425 -8890  3341 -1494  3574 

    1 -7041  1063 -7889 -9224 -6681 -7100 -2826  7186  1929  6477 

    2 -6239 -2855  -644 -9073 -2388  4648 -7733  6948   255 -5178 

    3 -4951  9471  4097  2257 -9211 -3602   146  -971  -697 -3425 

    4 -4100  5092  9387 -8437  5188  6697  -780  1361  2464  1708 

    5 -2756  6802 -6513 -8682  2302  7890 -5481  9184  2709 -7533 

    6   441  9064  2557 -8977 -6384  4182 -4120 -9651  2831 -2467 

    7  1496  -841  3446  6747 -8429 -8661  -665  1886  8835 -7727 

    8  5032 -6139 -5169  6990 -1725 -1047   414  -615 -7707 -7360 

    9  9857 -6850 -4749  2413 -2106 -1132 -3406  3774  2938 -6854 



[2025-01-18 05:16:38] [DEBUG] 
array before sort: 

[2025-01-18 05:16:38] [DEBUG] 
    0     1     2     3     4     5     6     7     8     9    10 
    0  4647  9622  9247 -6854   917  8725 -3496 -4910  3310 -8674 

    1  5787  -231  5983   385  8850 -4901 -4004  9257 -9933 -4910 

    2  1313  5092 -6043  3130 -5189   723 -5185 -5135  3187 -9954 

    3  4421 -2166  9668  3667  4701   584  6112 -8796  9395  3142 

    4 -3749  8902 -3369 -7767  -714 -4519 -2668  9003 -1542  1120 

    5 -5907  9771 -3789 -1950  2900  1022  8773 -8565  5887  5681 

    6 -4798  4028 -2765 -5131  1415 -8065  9175 -2474 -3140  8569 

    7 -5612  3111  7471  1020  9065   477  6501 -3603  -520 -1321 

    8  7517  7294 -1551 -2551 -4657 -4931  8471 -2163 -3496  8079 

    9 -6483  5428  2106  4473 -9704 -6479  6408 -6809  4768 -3012 



[2025-01-18 05:16:38] [DEBUG] 
array after sort: 

[2025-01-18 05:16:38] [DEBUG] 
    0     1     2     3     4     5     6     7     8     9    10 
    0 -6483  5428  2106  4473 -9704 -6479  6408 -6809  4768 -3012 

    1 -5907  9771 -3789 -1950  2900  1022  8773 -8565  5887  5681 

    2 -5612  3111  7471  1020  9065   477  6501 -3603  -520 -1321 

    3 -4798  4028 -2765 -5131  1415 -8065  9175 -2474 -3140  8569 

    4 -3749  8902 -3369 -7767  -714 -4519 -2668  9003 -1542  1120 

    5  1313  5092 -6043  3130 -5189   723 -5185 -5135  3187 -9954 

    6  4421 -2166  9668  3667  4701   584  6112 -8796  9395  3142 

    7  4647  9622  9247 -6854   917  8725 -3496 -4910  3310 -8674 

    8  5787  -231  5983   385  8850 -4901 -4004  9257 -9933 -4910 

    9  7517  7294 -1551 -2551 -4657 -4931  8471 -2163 -3496  8079 



