[2024-06-16 21:55:32] [DEBUG] 
array after sort: 

[2024-06-16 21:55:32] [DEBUG] 
    0     1     2     3     4     5     6     7     8     9    10 
    0 -7133 -7017  5127 -9963 -2565 -6276   404 -7114 -3668   398 

    1 -4865  1518  5044  -849 -1700 -1914  1858 -5350 -2821  3861 

    2 -3993  -782 -7880   379  1261  1911 -6464  1200  1701 -2709 

    3 -2497 -7087  7170 -5548 -1402   367  1730 -7392  6274  4658 

    4 -2237  5501 -5984  3062  -679  8986  6351  9094 -7997 -7148 

    5 -1744 -9026  -901  8608 -4936  4176    -1 -3123  9605 -8375 

    6  -776 -2537 -5628 -7957 -3930  -563  6219  9790 -9966  9544 

    7   743 -9444  8810  -492  -292 -2891  7594 -4714  1760 -1507 

    8  5735  9589  3229 -8036  -523 -2722   290 -4094  9208 -6602 

    9  7544  2339 -6664 -6615 -3561  4597  5296   -25  -483   717 



[2024-06-16 21:55:32] [DEBUG] 
copied array before sort: 

[2024-06-16 21:55:32] [DEBUG] 
    0     1     2     3     4     5     6     7     8     9    10 
    0 -7133 -7017  5127 -9963 -2565 -6276   404 -7114 -3668   398 

    1 -4865  1518  5044  -849 -1700 -1914  1858 -5350 -2821  3861 

    2 -3993  -782 -7880   379  1261  1911 -6464  1200  1701 -2709 

    3 -2497 -7087  7170 -5548 -1402   367  1730 -7392  6274  4658 

    4 -2237  5501 -5984  3062  -679  8986  6351  9094 -7997 -7148 

    5 -1744 -9026  -901  8608 -4936  4176    -1 -3123  9605 -8375 

    6  -776 -2537 -5628 -7957 -3930  -563  6219  9790 -9966  9544 

    7   743 -9444  8810  -492  -292 -2891  7594 -4714  1760 -1507 

    8  5735  9589  3229 -8036  -523 -2722   290 -4094  9208 -6602 

    9  7544  2339 -6664 -6615 -3561  4597  5296   -25  -483   717 



[2024-06-16 21:55:32] [DEBUG] 
copied array after sort: 

[2024-06-16 21:55:32] [DEBUG] 
    0     1     2     3     4     5     6     7     8     9    10 
    0 -7133 -7017  5127 -9963 -2565 -6276   404 -7114 -3668   398 

    1 -4865  1518  5044  -849 -1700 -1914  1858 -5350 -2821  3861 

    2 -3993  -782 -7880   379  1261  1911 -6464  1200  1701 -2709 

    3 -2497 -7087  7170 -5548 -1402   367  1730 -7392  6274  4658 

    4 -2237  5501 -5984  3062  -679  8986  6351  9094 -7997 -7148 

    5 -1744 -9026  -901  8608 -4936  4176    -1 -3123  9605 -8375 

    6  -776 -2537 -5628 -7957 -3930  -563  6219  9790 -9966  9544 

    7   743 -9444  8810  -492  -292 -2891  7594 -4714  1760 -1507 

    8  5735  9589  3229 -8036  -523 -2722   290 -4094  9208 -6602 

    9  7544  2339 -6664 -6615 -3561  4597  5296   -25  -483   717 



[2024-07-06 22:59:43] [DEBUG] 
array before sort: 

[2024-07-06 22:59:43] [DEBUG] 
    0     1     2     3     4     5     6     7     8     9    10 
    0   300  3595 -2327 -8855  1232  1791  2266  7751  4911  5682 

    1  2469  7588 -7190  9289 -9291  1318  3746 -8674  7197   667 

    2 -7263  2002 -9515 -9110  1086 -9532 -9028  8705  -725  3140 

    3 -9664  9575   456  1731 -9281 -8313 -6479  2985 -6842  8432 

    4  2388  5627  9741  5198  4916 -5830   236  2382 -4503  1153 

    5 -6951  1955 -6846 -2745  6566  7962 -2276  7538 -9614  6999 

    6   678 -9277 -9707 -8867  2454 -8988 -3459  9696  7719  3420 

    7 -8152  3827  -953 -4691  -976 -2317  -521 -7019 -9936  8697 

    8  7855 -3166  4372 -5270  4090   937 -7309 -8187 -1525 -6923 

    9 -7468 -7127 -6200 -7175 -5994  9975 -6163  4268 -6609 -4724 



[2024-07-06 22:59:43] [DEBUG] 
array after sort: 

[2024-07-06 22:59:43] [DEBUG] 
    0     1     2     3     4     5     6     7     8     9    10 
    0 -9664  9575   456  1731 -9281 -8313 -6479  2985 -6842  8432 

    1 -8152  3827  -953 -4691  -976 -2317  -521 -7019 -9936  8697 

    2 -7468 -7127 -6200 -7175 -5994  9975 -6163  4268 -6609 -4724 

    3 -7263  2002 -9515 -9110  1086 -9532 -9028  8705  -725  3140 

    4 -6951  1955 -6846 -2745  6566  7962 -2276  7538 -9614  6999 

    5   300  3595 -2327 -8855  1232  1791  2266  7751  4911  5682 

    6   678 -9277 -9707 -8867  2454 -8988 -3459  9696  7719  3420 

    7  2388  5627  9741  5198  4916 -5830   236  2382 -4503  1153 

    8  2469  7588 -7190  9289 -9291  1318  3746 -8674  7197   667 

    9  7855 -3166  4372 -5270  4090   937 -7309 -8187 -1525 -6923 



[2024-07-06 22:59:44] [DEBUG] 
copied array before sort: 

[2024-07-06 22:59:44] [DEBUG] 
    0     1     2     3     4     5     6     7     8     9    10 
    0 -9664  9575   456  1731 -9281 -8313 -6479  2985 -6842  8432 

    1 -8152  3827  -953 -4691  -976 -2317  -521 -7019 -9936  8697 

    2 -7468 -7127 -6200 -7175 -5994  9975 -6163  4268 -6609 -4724 

    3 -7263  2002 -9515 -9110  1086 -9532 -9028  8705  -725  3140 

    4 -6951  1955 -6846 -2745  6566  7962 -2276  7538 -9614  6999 

    5   300  3595 -2327 -8855  1232  1791  2266  7751  4911  5682 

    6   678 -9277 -9707 -8867  2454 -8988 -3459  9696  7719  3420 

    7  2388  5627  9741  5198  4916 -5830   236  2382 -4503  1153 

    8  2469  7588 -7190  9289 -9291  1318  3746 -8674  7197   667 

    9  7855 -3166  4372 -5270  4090   937 -7309 -8187 -1525 -6923 



[2024-07-06 22:59:44] [DEBUG] 
copied array after sort: 

[2024-07-06 22:59:44] [DEBUG] 
    0     1     2     3     4     5     6     7     8     9    10 
    0 -9664  9575   456  1731 -9281 -8313 -6479  2985 -6842  8432 

    1 -8152  3827  -953 -4691  -976 -2317  -521 -7019 -9936  8697 

    2 -7468 -7127 -6200 -7175 -5994  9975 -6163  4268 -6609 -4724 

    3 -7263  2002 -9515 -9110  1086 -9532 -9028  8705  -725  3140 

    4 -6951  1955 -6846 -2745  6566  7962 -2276  7538 -9614  6999 

    5   300  3595 -2327 -8855  1232  1791  2266  7751  4911  5682 

    6   678 -9277 -9707 -8867  2454 -8988 -3459  9696  7719  3420 

    7  2388  5627  9741  5198  4916 -5830   236  2382 -4503  1153 

    8  2469  7588 -7190  9289 -9291  1318  3746 -8674  7197   667 

    9  7855 -3166  4372 -5270  4090   937 -7309 -8187 -1525 -6923 



