[2024-06-16 21:54:45] [DEBUG] 
array before sort: 

[2024-06-16 21:54:45] [DEBUG] 
    0     1     2     3     4     5     6     7     8     9    10 
    0  2270 -8829 -8978   556 -1541  6437  6740   387  4768 -5252 

    1  4002  5919  -587 -4787 -2912  7018  4900  9203  7669  1446 

    2  2833  -831  6235 -8223  4452 -4909  3543  5199  1668 -7004 

    3  4490 -2342 -2112  9234  8214  6347  5670  8674 -3267   437 

    4 -2857 -5544 -3645 -9724  -331  7164 -8986 -1711 -9913 -7596 

    5  9735  2920  5294  9690  4697  -255 -5220  1961 -5057 -9832 

    6  4957 -6846  1548 -7156 -7613  3482 -7088  8057  2156  3366 

    7  2214 -6981  7822 -7711 -6705  1211  9454 -5691  9501  9541 

    8 -3287 -7045  6181 -7994 -7355   878  5473  1146 -3441 -9585 

    9  5036 -8485 -6431   304 -1920 -4044 -6215   992 -5988  5941 



[2024-06-16 21:54:45] [DEBUG] 
array after sort: 

[2024-06-16 21:54:45] [DEBUG] 
    0     1     2     3     4     5     6     7     8     9    10 
    0 -3287 -7045  6181 -7994 -7355   878  5473  1146 -3441 -9585 

    1 -2857 -5544 -3645 -9724  -331  7164 -8986 -1711 -9913 -7596 

    2  2214 -6981  7822 -7711 -6705  1211  9454 -5691  9501  9541 

    3  2270 -8829 -8978   556 -1541  6437  6740   387  4768 -5252 

    4  2833  -831  6235 -8223  4452 -4909  3543  5199  1668 -7004 

    5  4002  5919  -587 -4787 -2912  7018  4900  9203  7669  1446 

    6  4490 -2342 -2112  9234  8214  6347  5670  8674 -3267   437 

    7  4957 -6846  1548 -7156 -7613  3482 -7088  8057  2156  3366 

    8  5036 -8485 -6431   304 -1920 -4044 -6215   992 -5988  5941 

    9  9735  2920  5294  9690  4697  -255 -5220  1961 -5057 -9832 



[2024-06-16 21:54:45] [DEBUG] 
copied array before sort: 

[2024-06-16 21:54:45] [DEBUG] 
    0     1     2     3     4     5     6     7     8     9    10 
    0 -3287 -7045  6181 -7994 -7355   878  5473  1146 -3441 -9585 

    1 -2857 -5544 -3645 -9724  -331  7164 -8986 -1711 -9913 -7596 

    2  2214 -6981  7822 -7711 -6705  1211  9454 -5691  9501  9541 

    3  2270 -8829 -8978   556 -1541  6437  6740   387  4768 -5252 

    4  2833  -831  6235 -8223  4452 -4909  3543  5199  1668 -7004 

    5  4002  5919  -587 -4787 -2912  7018  4900  9203  7669  1446 

    6  4490 -2342 -2112  9234  8214  6347  5670  8674 -3267   437 

    7  4957 -6846  1548 -7156 -7613  3482 -7088  8057  2156  3366 

    8  5036 -8485 -6431   304 -1920 -4044 -6215   992 -5988  5941 

    9  9735  2920  5294  9690  4697  -255 -5220  1961 -5057 -9832 



[2024-06-16 21:54:45] [DEBUG] 
copied array after sort: 

[2024-06-16 21:54:45] [DEBUG] 
    0     1     2     3     4     5     6     7     8     9    10 
    0 -3287 -7045  6181 -7994 -7355   878  5473  1146 -3441 -9585 

    1 -2857 -5544 -3645 -9724  -331  7164 -8986 -1711 -9913 -7596 

    2  2214 -6981  7822 -7711 -6705  1211  9454 -5691  9501  9541 

    3  2270 -8829 -8978   556 -1541  6437  6740   387  4768 -5252 

    4  2833  -831  6235 -8223  4452 -4909  3543  5199  1668 -7004 

    5  4002  5919  -587 -4787 -2912  7018  4900  9203  7669  1446 

    6  4490 -2342 -2112  9234  8214  6347  5670  8674 -3267   437 

    7  4957 -6846  1548 -7156 -7613  3482 -7088  8057  2156  3366 

    8  5036 -8485 -6431   304 -1920 -4044 -6215   992 -5988  5941 

    9  9735  2920  5294  9690  4697  -255 -5220  1961 -5057 -9832 



[2024-06-16 21:55:01] [DEBUG] 
array before sort: 

[2024-06-16 21:55:01] [DEBUG] 
    0     1     2     3     4     5     6     7     8     9    10 
    0 -3597 -4618  6451  -229  8269 -3293  9152 -8750 -5026  4038 

    1 -6069 -1678 -8501 -1262  1041 -4968 -1787 -2700  9586 -8326 

    2  4324  5961  3757  2057 -5157  8165 -3926 -7784 -9260 -2703 

    3 -2122   864  6400 -5671 -9366  4668  4757 -6494  9640  9731 

    4  7545 -6430  1774 -7236  6029 -7186 -2203 -2037   114 -2618 

    5  -363 -1842 -2936 -2886 -9785  1907 -1000    10  7844  -260 

    6 -8973 -4278 -5675  7427  3772 -1320  5815 -1472  5908  5454 

    7  1979  7173 -7256 -6248  9937 -7506 -3433  1454   457 -9599 

    8 -7443 -9907 -1440  3342   929  2496 -4752  9929 -3774 -3188 

    9  3389 -2747  2534  7714 -5321    26   115 -9507 -7726 -3978 



[2024-06-16 21:55:01] [DEBUG] 
array after sort: 

[2024-06-16 21:55:01] [DEBUG] 
    0     1     2     3     4     5     6     7     8     9    10 
    0 -8973 -4278 -5675  7427  3772 -1320  5815 -1472  5908  5454 

    1 -7443 -9907 -1440  3342   929  2496 -4752  9929 -3774 -3188 

    2 -6069 -1678 -8501 -1262  1041 -4968 -1787 -2700  9586 -8326 

    3 -3597 -4618  6451  -229  8269 -3293  9152 -8750 -5026  4038 

    4 -2122   864  6400 -5671 -9366  4668  4757 -6494  9640  9731 

    5  -363 -1842 -2936 -2886 -9785  1907 -1000    10  7844  -260 

    6  1979  7173 -7256 -6248  9937 -7506 -3433  1454   457 -9599 

    7  3389 -2747  2534  7714 -5321    26   115 -9507 -7726 -3978 

    8  4324  5961  3757  2057 -5157  8165 -3926 -7784 -9260 -2703 

    9  7545 -6430  1774 -7236  6029 -7186 -2203 -2037   114 -2618 



[2024-06-16 21:55:01] [DEBUG] 
copied array before sort: 

[2024-06-16 21:55:01] [DEBUG] 
    0     1     2     3     4     5     6     7     8     9    10 
    0 -8973 -4278 -5675  7427  3772 -1320  5815 -1472  5908  5454 

    1 -7443 -9907 -1440  3342   929  2496 -4752  9929 -3774 -3188 

    2 -6069 -1678 -8501 -1262  1041 -4968 -1787 -2700  9586 -8326 

    3 -3597 -4618  6451  -229  8269 -3293  9152 -8750 -5026  4038 

    4 -2122   864  6400 -5671 -9366  4668  4757 -6494  9640  9731 

    5  -363 -1842 -2936 -2886 -9785  1907 -1000    10  7844  -260 

    6  1979  7173 -7256 -6248  9937 -7506 -3433  1454   457 -9599 

    7  3389 -2747  2534  7714 -5321    26   115 -9507 -7726 -3978 

    8  4324  5961  3757  2057 -5157  8165 -3926 -7784 -9260 -2703 

    9  7545 -6430  1774 -7236  6029 -7186 -2203 -2037   114 -2618 



[2024-06-16 21:55:01] [DEBUG] 
copied array after sort: 

[2024-06-16 21:55:01] [DEBUG] 
    0     1     2     3     4     5     6     7     8     9    10 
    0 -8973 -4278 -5675  7427  3772 -1320  5815 -1472  5908  5454 

    1 -7443 -9907 -1440  3342   929  2496 -4752  9929 -3774 -3188 

    2 -6069 -1678 -8501 -1262  1041 -4968 -1787 -2700  9586 -8326 

    3 -3597 -4618  6451  -229  8269 -3293  9152 -8750 -5026  4038 

    4 -2122   864  6400 -5671 -9366  4668  4757 -6494  9640  9731 

    5  -363 -1842 -2936 -2886 -9785  1907 -1000    10  7844  -260 

    6  1979  7173 -7256 -6248  9937 -7506 -3433  1454   457 -9599 

    7  3389 -2747  2534  7714 -5321    26   115 -9507 -7726 -3978 

    8  4324  5961  3757  2057 -5157  8165 -3926 -7784 -9260 -2703 

    9  7545 -6430  1774 -7236  6029 -7186 -2203 -2037   114 -2618 



[2024-06-16 21:55:11] [DEBUG] 
array before sort: 

[2024-06-16 21:55:11] [DEBUG] 
    0     1     2     3     4     5     6     7     8     9    10 
    0  8159 -5771  7313 -4301 -8820 -6093  4178 -1592  2243  4944 

    1 -4489 -4983  1839 -2454 -7502 -3405 -5275 -5079 -4226 -5278 

    2 -3640 -5309  9581 -4785 -9291 -7212 -5840  2327  5708 -7723 

    3  3784  3867   227  1096 -6714  1407  5004  7464 -6465 -2754 

    4  2407  -954  5985 -5755 -9687  8483  4562 -1241 -2876 -5944 

    5  3481  7205 -1253  6782 -7581  -543 -6709   300 -4496 -7281 

    6  6298  9288 -9694 -3476   384 -6408 -8349  -892 -8945 -4814 

    7 -9926  7184  7953  6059 -8572 -8014  8262  9711   745 -4615 

    8 -6234 -2053 -7411  6235 -5272 -1271 -4309  1740 -7251  4916 

    9  4460  9047  4204  4766  -709 -1692  8359   942  7416 -6866 



[2024-06-16 21:55:11] [DEBUG] 
array after sort: 

[2024-06-16 21:55:11] [DEBUG] 
    0     1     2     3     4     5     6     7     8     9    10 
    0 -9926  7184  7953  6059 -8572 -8014  8262  9711   745 -4615 

    1 -6234 -2053 -7411  6235 -5272 -1271 -4309  1740 -7251  4916 

    2 -4489 -4983  1839 -2454 -7502 -3405 -5275 -5079 -4226 -5278 

    3 -3640 -5309  9581 -4785 -9291 -7212 -5840  2327  5708 -7723 

    4  2407  -954  5985 -5755 -9687  8483  4562 -1241 -2876 -5944 

    5  3481  7205 -1253  6782 -7581  -543 -6709   300 -4496 -7281 

    6  3784  3867   227  1096 -6714  1407  5004  7464 -6465 -2754 

    7  4460  9047  4204  4766  -709 -1692  8359   942  7416 -6866 

    8  6298  9288 -9694 -3476   384 -6408 -8349  -892 -8945 -4814 

    9  8159 -5771  7313 -4301 -8820 -6093  4178 -1592  2243  4944 



[2024-06-16 21:55:11] [DEBUG] 
copied array before sort: 

[2024-06-16 21:55:11] [DEBUG] 
    0     1     2     3     4     5     6     7     8     9    10 
    0 -9926  7184  7953  6059 -8572 -8014  8262  9711   745 -4615 

    1 -6234 -2053 -7411  6235 -5272 -1271 -4309  1740 -7251  4916 

    2 -4489 -4983  1839 -2454 -7502 -3405 -5275 -5079 -4226 -5278 

    3 -3640 -5309  9581 -4785 -9291 -7212 -5840  2327  5708 -7723 

    4  2407  -954  5985 -5755 -9687  8483  4562 -1241 -2876 -5944 

    5  3481  7205 -1253  6782 -7581  -543 -6709   300 -4496 -7281 

    6  3784  3867   227  1096 -6714  1407  5004  7464 -6465 -2754 

    7  4460  9047  4204  4766  -709 -1692  8359   942  7416 -6866 

    8  6298  9288 -9694 -3476   384 -6408 -8349  -892 -8945 -4814 

    9  8159 -5771  7313 -4301 -8820 -6093  4178 -1592  2243  4944 



[2024-06-16 21:55:11] [DEBUG] 
copied array after sort: 

[2024-06-16 21:55:11] [DEBUG] 
    0     1     2     3     4     5     6     7     8     9    10 
    0 -9926  7184  7953  6059 -8572 -8014  8262  9711   745 -4615 

    1 -6234 -2053 -7411  6235 -5272 -1271 -4309  1740 -7251  4916 

    2 -4489 -4983  1839 -2454 -7502 -3405 -5275 -5079 -4226 -5278 

    3 -3640 -5309  9581 -4785 -9291 -7212 -5840  2327  5708 -7723 

    4  2407  -954  5985 -5755 -9687  8483  4562 -1241 -2876 -5944 

    5  3481  7205 -1253  6782 -7581  -543 -6709   300 -4496 -7281 

    6  3784  3867   227  1096 -6714  1407  5004  7464 -6465 -2754 

    7  4460  9047  4204  4766  -709 -1692  8359   942  7416 -6866 

    8  6298  9288 -9694 -3476   384 -6408 -8349  -892 -8945 -4814 

    9  8159 -5771  7313 -4301 -8820 -6093  4178 -1592  2243  4944 



[2024-06-16 21:55:32] [DEBUG] 
array before sort: 

[2024-06-16 21:55:32] [DEBUG] 
    0     1     2     3     4     5     6     7     8     9    10 
    0 -1744 -9026  -901  8608 -4936  4176    -1 -3123  9605 -8375 

    1 -2237  5501 -5984  3062  -679  8986  6351  9094 -7997 -7148 

    2  5735  9589  3229 -8036  -523 -2722   290 -4094  9208 -6602 

    3  -776 -2537 -5628 -7957 -3930  -563  6219  9790 -9966  9544 

    4 -4865  1518  5044  -849 -1700 -1914  1858 -5350 -2821  3861 

    5 -2497 -7087  7170 -5548 -1402   367  1730 -7392  6274  4658 

    6 -3993  -782 -7880   379  1261  1911 -6464  1200  1701 -2709 

    7   743 -9444  8810  -492  -292 -2891  7594 -4714  1760 -1507 

    8 -7133 -7017  5127 -9963 -2565 -6276   404 -7114 -3668   398 

    9  7544  2339 -6664 -6615 -3561  4597  5296   -25  -483   717 



